duosion 334 196 218 383 240 174 psychic 41
chimecho 354 218 284 317 306 251 psychic 0
wobbuffet 584 181 236 181 236 181 psychic 0
mrmime 284 207 251 328 372 306 psychic 0
swoobat 338 234 229 278 229 359 psychic 0
milcery 294 196 16 218 243 183 fairy 26
alcremie 334 240 273 350 375 249 fairy 0
spinarak 284 240 196 196 196 174 bug 22
ariados 344 306 262 240 262 196 bug 0
spritzee 360 223 240 247 251 159 fairy 22
aromatisse 406 267 267 326 304 172 fairy 0
chikorita 294 216 251 216 251 207 grass 16
bayleef 324 245 284 247 284 240 grass 32
meganium 362 289 328 291 328 284 grass 0
beautifly 324 262 218 328 218 251 bug 0
oddish 294 218 229 273 251 174 grass 21
gloom 324 251 262 295 273 196 grass 32
vileplume 354 284 295 350 306 218 grass 0
bellossom 354 284 317 306 328 218 grass 0
bellsprout 304 273 185 262 174 196 grass 21
weepinbell 334 306 218 295 207 229 grass 36
victreebel 364 339 251 328 262 262 grass 0
squirtle 292 214 251 218 249 203 water 16
wartortle 322 247 251 284 251 236 water 36
blastoise 362 291 328 295 339 280 water 0
torchic 294 240 196 262 218 207 fire 16
combusken 324 295 240 295 240 229 fire 36
blaziken 364 372 262 350 262 284 fire 0
fennekin 284 207 196 245 240 240 fire 16
braixen 322 238 236 306 262 269 fire 36
delphox 354 260 267 359 328 337 fire 0
popplio 304 227 227 254 232 196 water 17
brionne 324 260 260 309 287 218 water 34
primarina 364 271 271 386 364 240 water 0
budew 284 174 185 218 262 229 grass 22
roselia 304 240 207 328 284 251 grass 30
roserade 324 262 251 383 339 306 grass 0
bulbasaur 294 216 216 251 251 207 grass 16
ivysaur 324 245 247 284 284 240 grass 32
venusaur 364 289 291 328 328 284 grass 0
litwick 304 174 229 251 229 152 ghost 41
lampent 324 196 240 317 240 229 ghost 50
chandelure 324 22 306 427 306 284 ghost 0
charmander 282 223 203 240 218 251 fire 16
charmeleon 320 249 236 284 251 284 fire 36
charizard 360 293 280 348 295 328 fire 0
cherubi 294 185 207 245 225 185 grass 25
cherrim 344 240 262 300 280 295 grass 0
chespin 316 243 251 214 207 192 grass 16
quilladin 326 280 317 232 236 234 grass 36
chesnaught 380 344 377 271 273 249 grass 0
chimchar 292 236 205 236 205 243 fire 14
monferno 332 280 223 280 223 287 fire 36
infernape 356 337 265 337 265 346 fire 0
scorbunny 304 265 196 196 196 260 fire 16
raboot 334 298 240 229 240 315 fire 35
cinderace 364 364 273 251 273 370 fire 0
clefairy 344 207 214 240 251 185 fairy 28
clefable 394 262 269 317 306 240 fairy 0
combee 264 174 201 174 201 262 bug 21
vespiquen 344 284 333 284 333 196 bug 0
comfey 306 223 306 289 250 328 fairy 0
cottonee 284 168 240 190 218 254 grass 35
whimsicott 324 256 295 278 273 364 grass 0
totodile 304 251 249 205 214 203 water 18
croconaw 334 284 284 238 247 236 water 30
feraligatr 374 339 328 282 291 280 water 0
cutiefly 284 207 196 229 196 293 bug 25
ribombee 324 229 240 317 262 381 bug 0
cyndaquil 282 223 203 240 218 251 fire 14
quilava 320 249 236 284 251 284 fire 36
typhlosion 360 293 280 348 295 328 fire 0
rowlet 340 229 229 218 218 201 grass 17
dartrix 360 273 273 262 262 223 grass 34
decidueye 360 344 273 328 328 262 grass 0
deerling 324 240 218 196 218 273 normal 34
sawsbuck 364 328 262 240 262 317 normal 0
oshawott 314 229 207 247 207 207 water 17
dewott 354 273 240 291 240 240 water 36
samurott 394 328 295 346 262 262 water 0
diglett 224 229 163 185 207 317 ground 26
dugtrio 274 328 218 218 262 372 ground 0
sobble 304 196 196 262 196 262 water 16
drizzile 334 240 229 317 229 306 water 35
inteleon 334 295 251 383 251 372 water 0
eevee 314 229 218 207 251 229 normal 28
espeon 334 251 240 394 317 350 psychic 0
glaceon 334 240 350 394 317 251 ice 0
jolteon 334 251 240 350 317 394 electric 0
vaporeon 464 251 240 350 317 251 water 0
flareon 334 394 240 317 350 251 fire 0
umbreon 394 251 350 240 394 251 dark 0
sylveon 394 251 251 350 394 240 fairy 0
leafeon 334 350 394 240 251 317 grass 0
tepig 334 247 207 207 207 207 fire 17
pignite 384 313 229 262 229 229 fire 36
emboar 424 379 251 328 251 251 fire 0
piplup 310 221 225 243 232 196 water 16
prinplup 332 254 358 287 276 218 water 36
empoleon 372 298 302 353 331 240 water 0
flabebe 292 192 194 243 282 201 fairy 19
floette 312 207 212 273 324 223 fairy 59 
florges 360 251 258 355 447 273 fairy 0
froakie 286 232 196 245 205 265 water 16
frogadier 312 247 223 291 232 322 water 36
greninja 348 317 256 335 265 377 water 0
snubbull 324 284 218 196 196 174 fairy 23
granbull 384 372 273 240 240 207 fairy 23
grookey 304 251 218 196 196 251 grass 16
thwackey 344 295 262 229 240 284 grass 35
rillabloom 404 383 306 240 262 295 grass 0
turtwig 314 258 249 207 229 177 grass 18
grotle 354 304 295 229 251 188 grass 32
torterra 394 348 339 273 295 232 grass 0
treecko 284 207 185 251 229 262 grass 16
grovyle 304 251 207 295 251 317 grass 36
sceptile 344 295 251 339 295 372 grass 0
yungoos 300 262 174 174 174 207 normal 20
gumshoos 380 350 240 229 240 207 normal 0
makuhita 348 240 174 152 174 163 fighting 24
hariyama 492 372 240 196 240 218 fighting 0
hoppip 274 185 196 185 229 218 grass 18
skiploom 314 207 218 207 251 284 grass 27
jumpluff 354 229 262 229 317 350 grass 0
litten 294 251 196 240 196 262 fire 17
torracat 334 295 218 284 218 306 fire 34
incineroar 394 361 306 284 306 240 fire 0
smoochum 294 174 141 295 251 251 ice 30
jynx 334 218 185 361 317 317 ice 0
sewaddle 294 225 262 196 240 201 grass 20
swadloon 314 247 306 218 284 201 grass 36
leavanny 354 335 284 262 284 311 grass 0
petilil 294 185 218 262 218 174 grass 35
lilligant 344 240 273 350 273 306 grass 0
lotad 284 174 174 196 218 174 water 14
lombre 324 218 218 240 262 218 water 30
ludicolo 364 262 262 306 328 262 water 0
riolu 284 262 196 185 196 240 fighting 38
lucario 344 350 262 361 262 306 fighting 0
luvdisc 290 174 229 196 251 322 water 0
mudkip 304 262 218 218 218 196 water 16
marshtomp 344 295 262 240 262 218 water 36
swampert 404 350 306 295 306 240 water 0
mienfoo 294 295 218 229 218 251 fighting 50
mienshao 334 383 240 317 240 339 fighting 0
paras 274 262 229 207 229 163 bug 24
parasect 324 217 284 240 284 174 bug 0
pidgey 284 207 196 185 185 232 normal 18
pidgeotto 330 240 229 218 218 265 normal 36
pidgeot 270 284 273 262 262 331 normal 0
snivy 294 207 229 207 229 247 grass 17
servine 324 240 273 240 273 291 grass 36
serperior 354 273 317 273 317 357 grass 0
swirlix 328 214 254 238 234 216 fairy 35
slurpuff 368 284 298 295 273 267 fairy 0
sunkern 264 174 174 174 174 174 grass 26
sunflora 354 273 229 339 295 174 grass 0
togepi 274 152 251 196 251 152 fairy 16
togetic 314 196 295 284 339 196 fairy 36
togekiss 374 218 317 372 361 284 fairy 0
drifloon 384 218 183 240 205 262 ghost 28
drifblim 504 284 205 306 227 284 ghost 0
pansear 304 225 214 225 214 249 fire 28
simisear 354 324 247 324 247 331 fire 0
salandit 300 205 196 265 196 278 poison 33
salazzle 340 249 240 353 240 366 fire 0
misdreavus 324 240 240 295 295 295 ghost 38
mismagius 324 240 240 339 339 339 ghost 0
gastly 264 185 174 328 185 284 ghost 25
haunter 294 218 207 361 229 317 ghost 49
gengar 324 251 240 394 273 350 ghost 0
duskull 244 196 306 174 306 163 ghost 37
dusclops 284 262 394 240 394 163 ghost 54
dusknoir 294 328 405 251 405 207 ghost 0
slugma 284 196 196 262 196 152 fire 38
magcargo 324 218 372 306 284 174 fire 0
yamask 280 174 295 229 251 174 ghost 34
cofragigus 320 218 427 317 339 174 ghost 0
runerigus 320 317 427 218 339 174 ground 0
sinistea 284 207 207 271 227 218 ghost 31
polteageist 324 251 251 403 359 262 ghost 0
numel 324 240 196 251 207 185 fire 33
camerupt 344 328 262 339 273 196 fire 0
shuppet 292 273 185 247 181 207 ghost 37
banette 332 361 251 291 247 251 ghost 0
mimikyu 314 306 284 218 339 320 ghost 0
geodude 284 284 328 174 174 152 rock 25
graveler 314 317 361 207 207 185 rock 37 
golem 364 372 394 229 251 207 rock 0
sizzlipede 304 251 207 218 218 207 fire 28
centiskorch 404 361 251 306 306 251 fire 0
rockruff 294 251 196 174 196 240 rock 25
lycanroc 354 361 251 229 251 355 rock 0
swinub 304 218 196 174 174 218 ice 33
piloswine 404 328 284 240 240 218 ice 44
mamoswine 424 394 284 262 240 284 ice 0
snorunt 302 218 218 218 218 218 ice 42
glalie 364 284 284 284 284 284 ice 0
froslass 344 284 262 284 262 350 ice 0
vanillite 276 218 218 251 240 205 ice 35
vanillish 306 251 251 284 273 238 ice 47
vanilluxe 346 317 295 350 317 282 ice 0
cubchoo 314 262 196 240 196 196 ice 37
beartic 394 394 284 262 284 218 ice 0
snom 264 163 185 207 174 152 ice 34
frosmuth 344 251 240 383 306 251 ice 0
spheal 344 196 218 229 218 163 ice 32
sealeo 384 240 262 273 262 207 ice 44
walrein 424 284 306 217 206 251 ice 0
gible 320 262 207 196 207 201 dragon 24
gabite 340 306 251 218 229 289 dragon 48
garchomp 420 394 317 284 295 333 dragon 0
drilbur 324 295 196 174 207 258 ground 31
excadrill 424 405 240 218 251 302 ground 0
minccino 314 218 196 196 196 273 normal 31
cinccino 354 317 240 251 240 361 normal 0
wooloo 288 196 229 196 207 214 normal 24
dubwool 348 284 328 240 306 302 normal 0
snover 324 245 218 245 240 196 grass 40
abomasnow 384 311 273 311 295 240 grass 0
munchlax 474 295 196 196 295 119 normal 48
snorlax 524 350 251 251 350 174 normal 0
pineco 304 251 306 185 185 141 bug 31
forretress 354 306 416 240 240 196 bug 0
sneasel 314 317 229 185 273 361 dark 54
weavile 344 372 251 207 295 383 dark 0
absol 334 394 240 273 240 273 dark 0
buizel 314 251 185 240 174 295 water 26
floatzel 374 339 229 295 218 361 water 0
bidoof 322 207 196 185 16 177 normal 15
bibarel 362 295 240 229 240 265 normal 0
quagsire 394 295 295 251 251 185 water 0
whiscash 424 280 269 276 265 240 water 0
kingler 314 394 361 218 218 273 water 0
hippowdon 420 355 268 258 267 212 ground 0
tirtouga 312 280 335 225 207 157 water 37
carracosta 352 346 401 291 251 179 water 0
magikarp 244 130 229 141 152 284 water 20
gyarados 394 383 282 240 328 287 water 0
omanyte 274 196 328 306 229 185 water 40
omastar 344 240 383 361 262 229 water 0
gligar 334 273 339 185 251 295 ground 52
gliscor 354 317 383 207 273 317 ground 0
palossand 374 273 350 328 273 185 ghost 0
pelipper 324 218 328 317 262 251 water 0
relicanth 404 306 394 207 251 229 water 0
lumineon 342 260 276 260 298 309 water 0
seismitoad 414 317 273 295 273 271 water 0
swanna 354 300 247 300 247 324 water 0
stunfisk 422 254 293 287 326 179 ground 0
nidoking 366 333 278 295 273 295 poison 0
nidoqueen 384 311 300 273 295 276 poison 0
swellow 324 295 240 273 218 383 flying 0
bewear 444 383 284 229 240 240 normal 0

